[0m                     [38;2;137;180;250m[48;2;30;30;46m▄[38;2;137;180;250m[48;2;30;30;46m▄[38;2;137;180;250m[48;2;203;166;247m▀[38;2;137;180;250m[48;2;203;166;247m▀[38;2;137;180;250m[48;2;203;166;247m▀[38;2;203;166;247m[48;2;203;166;247m▀[38;2;203;166;247m[48;2;203;166;247m▀[38;2;203;166;247m[48;2;203;166;247m▀[38;2;203;166;247m[48;2;203;166;247m▀[38;2;137;180;250m[48;2;203;166;247m▀[38;2;137;180;250m[48;2;203;166;247m▀[38;2;137;180;250m[48;2;203;166;247m▀[38;2;137;180;250m[48;2;30;30;46m▄          [0m
                  [38;2;137;180;250m[48;2;30;30;46m▄[38;2;203;166;247m[48;2;30;30;46m▄[38;2;137;180;250m[48;2;203;166;247m▀[38;2;203;166;247m[48;2;203;166;247m▀[38;2;203;166;247m[48;2;203;166;247m▀[38;2;203;166;247m[48;2;203;166;247m▀[38;2;203;166;247m[48;2;203;166;247m▀[38;2;203;166;247m[48;2;203;166;247m▀[38;2;203;166;247m[48;2;203;166;247m▀[38;2;203;166;247m[48;2;203;166;247m▀[38;2;203;166;247m[48;2;203;166;247m▀[38;2;203;166;247m[48;2;203;166;247m▀[38;2;203;166;247m[48;2;203;166;247m▀[38;2;203;166;247m[48;2;203;166;247m▀[38;2;203;166;247m[48;2;203;166;247m▀[38;2;203;166;247m[48;2;203;166;247m▀[38;2;203;166;247m[48;2;203;166;247m▀[38;2;137;180;250m[48;2;203;166;247m▀[38;2;137;180;250m[48;2;30;30;46m▄       [0m
                [38;2;137;180;250m[48;2;30;30;46m▄[38;2;137;180;250m[48;2;203;166;247m▀[38;2;203;166;247m[48;2;203;166;247m▀[38;2;203;166;247m[48;2;203;166;247m▀[38;2;203;166;247m[48;2;203;166;247m▀[38;2;203;166;247m[48;2;203;166;247m▀[38;2;203;166;247m[48;2;203;166;247m▀[38;2;203;166;247m[48;2;203;166;247m▀[38;2;203;166;247m[48;2;203;166;247m▀[38;2;203;166;247m[48;2;203;166;247m▀[38;2;203;166;247m[48;2;203;166;247m▀[38;2;203;166;247m[48;2;203;166;247m▀[38;2;203;166;247m[48;2;203;166;247m▀[38;2;203;166;247m[48;2;203;166;247m▀[38;2;203;166;247m[48;2;203;166;247m▀[38;2;203;166;247m[48;2;203;166;247m▀[38;2;203;166;247m[48;2;203;166;247m▀[38;2;203;166;247m[48;2;203;166;247m▀[38;2;203;166;247m[48;2;203;166;247m▀[38;2;203;166;247m[48;2;203;166;247m▀[38;2;203;166;247m[48;2;203;166;247m▀[38;2;137;180;250m[48;2;203;166;247m▀[38;2;137;180;250m[48;2;30;30;46m▄     [0m
              [38;2;137;180;250m[48;2;30;30;46m▄[38;2;137;180;250m[48;2;203;166;247m▀[38;2;203;166;247m[48;2;203;166;247m▀[38;2;203;166;247m[48;2;203;166;247m▀[38;2;203;166;247m[48;2;203;166;247m▀[38;2;203;166;247m[48;2;203;166;247m▀[38;2;203;166;247m[48;2;203;166;247m▀[38;2;203;166;247m[48;2;203;166;247m▀[38;2;203;166;247m[48;2;203;166;247m▀[38;2;203;166;247m[48;2;203;166;247m▀[38;2;203;166;247m[48;2;203;166;247m▀[38;2;203;166;247m[48;2;203;166;247m▀[38;2;203;166;247m[48;2;203;166;247m▀[38;2;203;166;247m[48;2;203;166;247m▀[38;2;203;166;247m[48;2;203;166;247m▀[38;2;203;166;247m[48;2;203;166;247m▀[38;2;203;166;247m[48;2;203;166;247m▀[38;2;203;166;247m[48;2;203;166;247m▀[38;2;203;166;247m[48;2;203;166;247m▀[38;2;203;166;247m[48;2;203;166;247m▀[38;2;203;166;247m[48;2;203;166;247m▀[38;2;203;166;247m[48;2;203;166;247m▀[38;2;203;166;247m[48;2;203;166;247m▀[38;2;203;166;247m[48;2;203;166;247m▀[38;2;203;166;247m[48;2;203;166;247m▀[38;2;137;180;250m[48;2;137;180;250m▀    [0m
             [38;2;137;180;250m[48;2;203;166;247m▀[38;2;203;166;247m[48;2;203;166;247m▀[38;2;203;166;247m[48;2;203;166;247m▀[38;2;203;166;247m[48;2;203;166;247m▀[38;2;203;166;247m[48;2;203;166;247m▀[38;2;203;166;247m[48;2;205;214;244m▀[38;2;203;166;247m[48;2;203;166;247m▀[38;2;203;166;247m[48;2;203;166;247m▀[38;2;203;166;247m[48;2;203;166;247m▀[38;2;203;166;247m[48;2;203;166;247m▀[38;2;203;166;247m[48;2;203;166;247m▀[38;2;203;166;247m[48;2;203;166;247m▀[38;2;203;166;247m[48;2;203;166;247m▀[38;2;203;166;247m[48;2;203;166;247m▀[38;2;203;166;247m[48;2;203;166;247m▀[38;2;203;166;247m[48;2;203;166;247m▀[38;2;203;166;247m[48;2;203;166;247m▀[38;2;203;166;247m[48;2;203;166;247m▀[38;2;203;166;247m[48;2;203;166;247m▀[38;2;203;166;247m[48;2;203;166;247m▀[38;2;203;166;247m[48;2;203;166;247m▀[38;2;203;166;247m[48;2;203;166;247m▀[38;2;203;166;247m[48;2;203;166;247m▀[38;2;203;166;247m[48;2;203;166;247m▀[38;2;203;166;247m[48;2;203;166;247m▀[38;2;203;166;247m[48;2;203;166;247m▀[38;2;203;166;247m[48;2;203;166;247m▀[38;2;137;180;250m[48;2;203;166;247m▀   [0m
            [38;2;137;180;250m[48;2;203;166;247m▀[38;2;203;166;247m[48;2;203;166;247m▀[38;2;203;166;247m[48;2;205;214;244m▀[38;2;203;166;247m[48;2;203;166;247m▀[38;2;205;214;244m[48;2;203;166;247m▀[38;2;203;166;247m[48;2;203;166;247m▀[38;2;203;166;247m[48;2;203;166;247m▀[38;2;203;166;247m[48;2;203;166;247m▀[38;2;203;166;247m[48;2;203;166;247m▀[38;2;203;166;247m[48;2;203;166;247m▀[38;2;203;166;247m[48;2;203;166;247m▀[38;2;203;166;247m[48;2;203;166;247m▀[38;2;203;166;247m[48;2;203;166;247m▀[38;2;203;166;247m[48;2;203;166;247m▀[38;2;203;166;247m[48;2;203;166;247m▀[38;2;203;166;247m[48;2;203;166;247m▀[38;2;203;166;247m[48;2;203;166;247m▀[38;2;203;166;247m[48;2;203;166;247m▀[38;2;203;166;247m[48;2;203;166;247m▀[38;2;203;166;247m[48;2;203;166;247m▀[38;2;203;166;247m[48;2;203;166;247m▀[38;2;203;166;247m[48;2;203;166;247m▀[38;2;203;166;247m[48;2;203;166;247m▀[38;2;203;166;247m[48;2;203;166;247m▀[38;2;203;166;247m[48;2;203;166;247m▀[38;2;203;166;247m[48;2;203;166;247m▀[38;2;203;166;247m[48;2;203;166;247m▀[38;2;203;166;247m[48;2;203;166;247m▀[38;2;203;166;247m[48;2;203;166;247m▀[38;2;137;180;250m[48;2;203;166;247m▀[38;2;137;180;250m[48;2;30;30;46m▄ [0m
           [38;2;137;180;250m[48;2;30;30;46m▄[38;2;203;166;247m[48;2;203;166;247m▀[38;2;203;166;247m[48;2;203;166;247m▀[38;2;203;166;247m[48;2;203;166;247m▀[38;2;203;166;247m[48;2;203;166;247m▀[38;2;203;166;247m[48;2;203;166;247m▀[38;2;203;166;247m[48;2;203;166;247m▀[38;2;203;166;247m[48;2;203;166;247m▀[38;2;203;166;247m[48;2;203;166;247m▀[38;2;203;166;247m[48;2;203;166;247m▀[38;2;203;166;247m[48;2;203;166;247m▀[38;2;203;166;247m[48;2;203;166;247m▀[38;2;203;166;247m[48;2;203;166;247m▀[38;2;203;166;247m[48;2;203;166;247m▀[38;2;203;166;247m[48;2;203;166;247m▀[38;2;203;166;247m[48;2;203;166;247m▀[38;2;203;166;247m[48;2;203;166;247m▀[38;2;203;166;247m[48;2;203;166;247m▀[38;2;203;166;247m[48;2;203;166;247m▀[38;2;203;166;247m[48;2;203;166;247m▀[38;2;203;166;247m[48;2;203;166;247m▀[38;2;203;166;247m[48;2;203;166;247m▀[38;2;203;166;247m[48;2;203;166;247m▀[38;2;203;166;247m[48;2;203;166;247m▀[38;2;203;166;247m[48;2;203;166;247m▀[38;2;203;166;247m[48;2;203;166;247m▀[38;2;203;166;247m[48;2;203;166;247m▀[38;2;203;166;247m[48;2;203;166;247m▀[38;2;203;166;247m[48;2;203;166;247m▀[38;2;203;166;247m[48;2;203;166;247m▀[38;2;203;166;247m[48;2;203;166;247m▀[38;2;137;180;250m[48;2;203;166;247m▀ [0m
           [38;2;137;180;250m[48;2;137;180;250m▀[38;2;203;166;247m[48;2;203;166;247m▀[38;2;203;166;247m[48;2;203;166;247m▀[38;2;203;166;247m[48;2;203;166;247m▀[38;2;203;166;247m[48;2;203;166;247m▀[38;2;203;166;247m[48;2;203;166;247m▀[38;2;203;166;247m[48;2;203;166;247m▀[38;2;203;166;247m[48;2;203;166;247m▀[38;2;203;166;247m[48;2;203;166;247m▀[38;2;203;166;247m[48;2;203;166;247m▀[38;2;203;166;247m[48;2;203;166;247m▀[38;2;203;166;247m[48;2;203;166;247m▀[38;2;203;166;247m[48;2;203;166;247m▀[38;2;203;166;247m[48;2;203;166;247m▀[38;2;203;166;247m[48;2;203;166;247m▀[38;2;203;166;247m[48;2;203;166;247m▀[38;2;203;166;247m[48;2;203;166;247m▀[38;2;203;166;247m[48;2;203;166;247m▀[38;2;203;166;247m[48;2;203;166;247m▀[38;2;203;166;247m[48;2;203;166;247m▀[38;2;203;166;247m[48;2;203;166;247m▀[38;2;203;166;247m[48;2;203;166;247m▀[38;2;203;166;247m[48;2;203;166;247m▀[38;2;203;166;247m[48;2;203;166;247m▀[38;2;203;166;247m[48;2;203;166;247m▀[38;2;203;166;247m[48;2;203;166;247m▀[38;2;203;166;247m[48;2;203;166;247m▀[38;2;203;166;247m[48;2;203;166;247m▀[38;2;203;166;247m[48;2;203;166;247m▀[38;2;203;166;247m[48;2;203;166;247m▀[38;2;203;166;247m[48;2;203;166;247m▀[38;2;203;166;247m[48;2;203;166;247m▀[38;2;137;180;250m[48;2;137;180;250m▀[0m
            [38;2;203;166;247m[48;2;137;180;250m▀[38;2;203;166;247m[48;2;203;166;247m▀[38;2;203;166;247m[48;2;203;166;247m▀[38;2;203;166;247m[48;2;203;166;247m▀[38;2;203;166;247m[48;2;203;166;247m▀[38;2;203;166;247m[48;2;203;166;247m▀[38;2;203;166;247m[48;2;203;166;247m▀[38;2;203;166;247m[48;2;205;214;244m▀[38;2;203;166;247m[48;2;205;214;244m▀[38;2;205;214;244m[48;2;203;166;247m▀[38;2;205;214;244m[48;2;203;166;247m▀[38;2;205;214;244m[48;2;205;214;244m▀[38;2;203;166;247m[48;2;203;166;247m▀[38;2;203;166;247m[48;2;203;166;247m▀[38;2;203;166;247m[48;2;203;166;247m▀[38;2;203;166;247m[48;2;203;166;247m▀[38;2;203;166;247m[48;2;203;166;247m▀[38;2;203;166;247m[48;2;203;166;247m▀[38;2;203;166;247m[48;2;203;166;247m▀[38;2;203;166;247m[48;2;203;166;247m▀[38;2;203;166;247m[48;2;203;166;247m▀[38;2;203;166;247m[48;2;203;166;247m▀[38;2;203;166;247m[48;2;203;166;247m▀[38;2;203;166;247m[48;2;203;166;247m▀[38;2;203;166;247m[48;2;203;166;247m▀[38;2;203;166;247m[48;2;203;166;247m▀[38;2;203;166;247m[48;2;203;166;247m▀[38;2;203;166;247m[48;2;203;166;247m▀[38;2;203;166;247m[48;2;203;166;247m▀[38;2;203;166;247m[48;2;203;166;247m▀[38;2;203;166;247m[48;2;203;166;247m▀[38;2;137;180;250m[48;2;137;180;250m▀[0m
            [38;2;137;180;250m[48;2;30;30;46m▀[38;2;203;166;247m[48;2;137;180;250m▀[38;2;203;166;247m[48;2;137;180;250m▀[38;2;203;166;247m[48;2;203;166;247m▀[38;2;203;166;247m[48;2;203;166;247m▀[38;2;203;166;247m[48;2;203;166;247m▀[38;2;205;214;244m[48;2;203;166;247m▀[38;2;203;166;247m[48;2;205;214;244m▀[38;2;203;166;247m[48;2;203;166;247m▀[38;2;203;166;247m[48;2;203;166;247m▀[38;2;203;166;247m[48;2;205;214;244m▀[38;2;205;214;244m[48;2;205;214;244m▀[38;2;205;214;244m[48;2;205;214;244m▀[38;2;203;166;247m[48;2;203;166;247m▀[38;2;203;166;247m[48;2;203;166;247m▀[38;2;203;166;247m[48;2;203;166;247m▀[38;2;203;166;247m[48;2;205;214;244m▀[38;2;203;166;247m[48;2;203;166;247m▀[38;2;203;166;247m[48;2;203;166;247m▀[38;2;203;166;247m[48;2;203;166;247m▀[38;2;203;166;247m[48;2;203;166;247m▀[38;2;203;166;247m[48;2;203;166;247m▀[38;2;203;166;247m[48;2;203;166;247m▀[38;2;203;166;247m[48;2;203;166;247m▀[38;2;203;166;247m[48;2;203;166;247m▀[38;2;203;166;247m[48;2;203;166;247m▀[38;2;203;166;247m[48;2;203;166;247m▀[38;2;203;166;247m[48;2;203;166;247m▀[38;2;203;166;247m[48;2;203;166;247m▀[38;2;203;166;247m[48;2;203;166;247m▀[38;2;203;166;247m[48;2;203;166;247m▀[38;2;203;166;247m[48;2;203;166;247m▀[0m
               [38;2;137;180;250m[48;2;30;30;46m▀[38;2;137;180;250m[48;2;30;30;46m▀[38;2;203;166;247m[48;2;203;166;247m▀[38;2;203;166;247m[48;2;203;166;247m▀[38;2;205;214;244m[48;2;205;214;244m▀[38;2;205;214;244m[48;2;205;214;244m▀[38;2;205;214;244m[48;2;205;214;244m▀[38;2;205;214;244m[48;2;205;214;244m▀[38;2;205;214;244m[48;2;205;214;244m▀[38;2;205;214;244m[48;2;205;214;244m▀[38;2;203;166;247m[48;2;203;166;247m▀[38;2;203;166;247m[48;2;203;166;247m▀[38;2;203;166;247m[48;2;203;166;247m▀[38;2;205;214;244m[48;2;205;214;244m▀[38;2;203;166;247m[48;2;203;166;247m▀[38;2;203;166;247m[48;2;203;166;247m▀[38;2;203;166;247m[48;2;203;166;247m▀[38;2;203;166;247m[48;2;203;166;247m▀[38;2;203;166;247m[48;2;203;166;247m▀[38;2;203;166;247m[48;2;203;166;247m▀[38;2;203;166;247m[48;2;203;166;247m▀[38;2;203;166;247m[48;2;203;166;247m▀[38;2;203;166;247m[48;2;203;166;247m▀[38;2;203;166;247m[48;2;203;166;247m▀[38;2;203;166;247m[48;2;203;166;247m▀[38;2;203;166;247m[48;2;203;166;247m▀[38;2;203;166;247m[48;2;203;166;247m▀[38;2;203;166;247m[48;2;203;166;247m▀[38;2;203;166;247m[48;2;137;180;250m▀[0m
                 [38;2;203;166;247m[48;2;203;166;247m▀[38;2;203;166;247m[48;2;203;166;247m▀[38;2;205;214;244m[48;2;203;166;247m▀[38;2;205;214;244m[48;2;205;214;244m▀[38;2;205;214;244m[48;2;205;214;244m▀[38;2;205;214;244m[48;2;205;214;244m▀[38;2;205;214;244m[48;2;205;214;244m▀[38;2;205;214;244m[48;2;205;214;244m▀[38;2;205;214;244m[48;2;205;214;244m▀[38;2;203;166;247m[48;2;203;166;247m▀[38;2;203;166;247m[48;2;203;166;247m▀[38;2;205;214;244m[48;2;203;166;247m▀[38;2;203;166;247m[48;2;203;166;247m▀[38;2;205;214;244m[48;2;205;214;244m▀[38;2;203;166;247m[48;2;203;166;247m▀[38;2;203;166;247m[48;2;203;166;247m▀[38;2;203;166;247m[48;2;203;166;247m▀[38;2;203;166;247m[48;2;203;166;247m▀[38;2;203;166;247m[48;2;203;166;247m▀[38;2;203;166;247m[48;2;203;166;247m▀[38;2;203;166;247m[48;2;203;166;247m▀[38;2;203;166;247m[48;2;203;166;247m▀[38;2;203;166;247m[48;2;203;166;247m▀[38;2;203;166;247m[48;2;203;166;247m▀[38;2;203;166;247m[48;2;203;166;247m▀[38;2;203;166;247m[48;2;203;166;247m▀[38;2;137;180;250m[48;2;137;180;250m▀[0m
                 [38;2;203;166;247m[48;2;203;166;247m▀[38;2;203;166;247m[48;2;203;166;247m▀[38;2;203;166;247m[48;2;203;166;247m▀[38;2;203;166;247m[48;2;203;166;247m▀[38;2;203;166;247m[48;2;203;166;247m▀[38;2;205;214;244m[48;2;203;166;247m▀[38;2;205;214;244m[48;2;205;214;244m▀[38;2;205;214;244m[48;2;205;214;244m▀[38;2;205;214;244m[48;2;205;214;244m▀[38;2;203;166;247m[48;2;203;166;247m▀[38;2;203;166;247m[48;2;203;166;247m▀[38;2;203;166;247m[48;2;203;166;247m▀[38;2;205;214;244m[48;2;205;214;244m▀[38;2;205;214;244m[48;2;205;214;244m▀[38;2;203;166;247m[48;2;203;166;247m▀[38;2;203;166;247m[48;2;203;166;247m▀[38;2;203;166;247m[48;2;203;166;247m▀[38;2;203;166;247m[48;2;203;166;247m▀[38;2;203;166;247m[48;2;203;166;247m▀[38;2;203;166;247m[48;2;203;166;247m▀[38;2;203;166;247m[48;2;203;166;247m▀[38;2;203;166;247m[48;2;203;166;247m▀[38;2;203;166;247m[48;2;203;166;247m▀[38;2;203;166;247m[48;2;203;166;247m▀[38;2;203;166;247m[48;2;203;166;247m▀[38;2;203;166;247m[48;2;137;180;250m▀[38;2;137;180;250m[48;2;30;30;46m▀[0m
                [38;2;137;180;250m[48;2;137;180;250m▀[38;2;137;180;250m[48;2;137;180;250m▀[38;2;203;166;247m[48;2;203;166;247m▀[38;2;203;166;247m[48;2;203;166;247m▀[38;2;203;166;247m[48;2;203;166;247m▀[38;2;203;166;247m[48;2;203;166;247m▀[38;2;203;166;247m[48;2;203;166;247m▀[38;2;205;214;244m[48;2;203;166;247m▀[38;2;205;214;244m[48;2;203;166;247m▀[38;2;203;166;247m[48;2;203;166;247m▀[38;2;203;166;247m[48;2;203;166;247m▀[38;2;203;166;247m[48;2;203;166;247m▀[38;2;205;214;244m[48;2;205;214;244m▀[38;2;205;214;244m[48;2;205;214;244m▀[38;2;203;166;247m[48;2;203;166;247m▀[38;2;203;166;247m[48;2;203;166;247m▀[38;2;203;166;247m[48;2;203;166;247m▀[38;2;203;166;247m[48;2;203;166;247m▀[38;2;203;166;247m[48;2;203;166;247m▀[38;2;203;166;247m[48;2;203;166;247m▀[38;2;203;166;247m[48;2;203;166;247m▀[38;2;203;166;247m[48;2;203;166;247m▀[38;2;203;166;247m[48;2;203;166;247m▀[38;2;203;166;247m[48;2;137;180;250m▀[38;2;203;166;247m[48;2;137;180;250m▀[38;2;137;180;250m[48;2;30;30;46m▀[38;2;137;180;250m[48;2;30;30;46m▀ [0m
                [38;2;137;180;250m[48;2;137;180;250m▀[38;2;137;180;250m[48;2;137;180;250m▀[38;2;203;166;247m[48;2;203;166;247m▀[38;2;203;166;247m[48;2;203;166;247m▀[38;2;203;166;247m[48;2;203;166;247m▀[38;2;203;166;247m[48;2;203;166;247m▀[38;2;203;166;247m[48;2;203;166;247m▀[38;2;203;166;247m[48;2;203;166;247m▀[38;2;203;166;247m[48;2;203;166;247m▀[38;2;203;166;247m[48;2;203;166;247m▀[38;2;203;166;247m[48;2;203;166;247m▀[38;2;203;166;247m[48;2;203;166;247m▀[38;2;203;166;247m[48;2;203;166;247m▀[38;2;205;214;244m[48;2;205;214;244m▀[38;2;205;214;244m[48;2;205;214;244m▀[38;2;203;166;247m[48;2;205;214;244m▀[38;2;203;166;247m[48;2;205;214;244m▀[38;2;203;166;247m[48;2;205;214;244m▀[38;2;203;166;247m[48;2;203;166;247m▀[38;2;203;166;247m[48;2;203;166;247m▀[38;2;203;166;247m[48;2;203;166;247m▀[38;2;137;180;250m[48;2;137;180;250m▀      [0m
                [38;2;137;180;250m[48;2;30;30;46m▀[38;2;137;180;250m[48;2;137;180;250m▀[38;2;203;166;247m[48;2;137;180;250m▀[38;2;137;180;250m[48;2;137;180;250m▀[38;2;203;166;247m[48;2;137;180;250m▀[38;2;203;166;247m[48;2;137;180;250m▀[38;2;137;180;250m[48;2;137;180;250m▀[38;2;203;166;247m[48;2;137;180;250m▀[38;2;203;166;247m[48;2;137;180;250m▀[38;2;203;166;247m[48;2;137;180;250m▀[38;2;203;166;247m[48;2;137;180;250m▀[38;2;203;166;247m[48;2;137;180;250m▀[38;2;203;166;247m[48;2;137;180;250m▀[38;2;205;214;244m[48;2;205;214;244m▀[38;2;205;214;244m[48;2;205;214;244m▀[38;2;205;214;244m[48;2;205;214;244m▀[38;2;205;214;244m[48;2;205;214;244m▀[38;2;205;214;244m[48;2;205;214;244m▀[38;2;205;214;244m[48;2;205;214;244m▀[38;2;203;166;247m[48;2;205;214;244m▀[38;2;203;166;247m[48;2;203;166;247m▀[38;2;203;166;247m[48;2;203;166;247m▀[38;2;137;180;250m[48;2;30;30;46m▄     [0m
                          [38;2;137;180;250m[48;2;30;30;46m▄[38;2;203;166;247m[48;2;30;30;46m▄[38;2;137;180;250m[48;2;203;166;247m▀[38;2;203;166;247m[48;2;205;214;244m▀[38;2;205;214;244m[48;2;205;214;244m▀[38;2;205;214;244m[48;2;203;166;247m▀[38;2;205;214;244m[48;2;203;166;247m▀[38;2;203;166;247m[48;2;203;166;247m▀[38;2;203;166;247m[48;2;203;166;247m▀[38;2;203;166;247m[48;2;203;166;247m▀[38;2;203;166;247m[48;2;203;166;247m▀[38;2;203;166;247m[48;2;203;166;247m▀[38;2;203;166;247m[48;2;203;166;247m▀[38;2;137;180;250m[48;2;203;166;247m▀[38;2;137;180;250m[48;2;30;30;46m▄   [0m
                        [38;2;137;180;250m[48;2;30;30;46m▄[38;2;137;180;250m[48;2;203;166;247m▀[38;2;203;166;247m[48;2;203;166;247m▀[38;2;203;166;247m[48;2;205;214;244m▀[38;2;205;214;244m[48;2;203;166;247m▀[38;2;205;214;244m[48;2;203;166;247m▀[38;2;203;166;247m[48;2;203;166;247m▀[38;2;203;166;247m[48;2;203;166;247m▀[38;2;203;166;247m[48;2;203;166;247m▀[38;2;203;166;247m[48;2;203;166;247m▀[38;2;203;166;247m[48;2;205;214;244m▀[38;2;203;166;247m[48;2;205;214;244m▀[38;2;203;166;247m[48;2;203;166;247m▀[38;2;203;166;247m[48;2;203;166;247m▀[38;2;203;166;247m[48;2;203;166;247m▀[38;2;203;166;247m[48;2;203;166;247m▀[38;2;137;180;250m[48;2;203;166;247m▀   [0m
[38;2;137;180;250m[48;2;30;30;46m▄[38;2;137;180;250m[48;2;30;30;46m▄[38;2;203;166;247m[48;2;30;30;46m▄[38;2;137;180;250m[48;2;30;30;46m▄[38;2;137;180;250m[48;2;30;30;46m▄                  [38;2;137;180;250m[48;2;203;166;247m▀[38;2;203;166;247m[48;2;203;166;247m▀[38;2;203;166;247m[48;2;205;214;244m▀[38;2;205;214;244m[48;2;203;166;247m▀[38;2;203;166;247m[48;2;205;214;244m▀[38;2;203;166;247m[48;2;203;166;247m▀[38;2;203;166;247m[48;2;203;166;247m▀[38;2;203;166;247m[48;2;205;214;244m▀[38;2;205;214;244m[48;2;205;214;244m▀[38;2;205;214;244m[48;2;205;214;244m▀[38;2;205;214;244m[48;2;205;214;244m▀[38;2;205;214;244m[48;2;205;214;244m▀[38;2;205;214;244m[48;2;205;214;244m▀[38;2;205;214;244m[48;2;205;214;244m▀[38;2;203;166;247m[48;2;203;166;247m▀[38;2;203;166;247m[48;2;203;166;247m▀[38;2;203;166;247m[48;2;203;166;247m▀[38;2;203;166;247m[48;2;203;166;247m▀[38;2;137;180;250m[48;2;137;180;250m▀  [0m
[38;2;137;180;250m[48;2;137;180;250m▀[38;2;203;166;247m[48;2;203;166;247m▀[38;2;203;166;247m[48;2;203;166;247m▀[38;2;203;166;247m[48;2;203;166;247m▀[38;2;203;166;247m[48;2;205;214;244m▀[38;2;137;180;250m[48;2;30;30;46m▄ [38;2;205;214;244m[48;2;30;30;46m▄[38;2;137;180;250m[48;2;30;30;46m▄[38;2;137;180;250m[48;2;30;30;46m▄[38;2;137;180;250m[48;2;30;30;46m▄[38;2;137;180;250m[48;2;30;30;46m▄         [38;2;137;180;250m[48;2;30;30;46m▄[38;2;205;214;244m[48;2;203;166;247m▀[38;2;203;166;247m[48;2;203;166;247m▀[38;2;203;166;247m[48;2;203;166;247m▀[38;2;203;166;247m[48;2;203;166;247m▀[38;2;203;166;247m[48;2;203;166;247m▀[38;2;203;166;247m[48;2;205;214;244m▀[38;2;203;166;247m[48;2;205;214;244m▀[38;2;205;214;244m[48;2;205;214;244m▀[38;2;205;214;244m[48;2;205;214;244m▀[38;2;205;214;244m[48;2;205;214;244m▀[38;2;205;214;244m[48;2;205;214;244m▀[38;2;205;214;244m[48;2;205;214;244m▀[38;2;205;214;244m[48;2;203;166;247m▀[38;2;205;214;244m[48;2;205;214;244m▀[38;2;203;166;247m[48;2;203;166;247m▀[38;2;203;166;247m[48;2;203;166;247m▀[38;2;203;166;247m[48;2;203;166;247m▀[38;2;203;166;247m[48;2;203;166;247m▀[38;2;203;166;247m[48;2;203;166;247m▀[38;2;137;180;250m[48;2;137;180;250m▀  [0m
[38;2;137;180;250m[48;2;30;30;46m▀[38;2;203;166;247m[48;2;137;180;250m▀[38;2;205;214;244m[48;2;137;180;250m▀[38;2;205;214;244m[48;2;205;214;244m▀[38;2;203;166;247m[48;2;205;214;244m▀[38;2;203;166;247m[48;2;205;214;244m▀[38;2;203;166;247m[48;2;205;214;244m▀[38;2;203;166;247m[48;2;203;166;247m▀[38;2;203;166;247m[48;2;203;166;247m▀[38;2;205;214;244m[48;2;203;166;247m▀[38;2;205;214;244m[48;2;203;166;247m▀[38;2;205;214;244m[48;2;203;166;247m▀[38;2;205;214;244m[48;2;205;214;244m▀[38;2;205;214;244m[48;2;205;214;244m▀[38;2;205;214;244m[48;2;205;214;244m▀[38;2;137;180;250m[48;2;205;214;244m▀[38;2;137;180;250m[48;2;30;30;46m▄   [38;2;137;180;250m[48;2;137;180;250m▀[38;2;203;166;247m[48;2;203;166;247m▀[38;2;203;166;247m[48;2;203;166;247m▀[38;2;203;166;247m[48;2;205;214;244m▀[38;2;203;166;247m[48;2;205;214;244m▀[38;2;203;166;247m[48;2;205;214;244m▀[38;2;205;214;244m[48;2;205;214;244m▀[38;2;205;214;244m[48;2;205;214;244m▀[38;2;205;214;244m[48;2;205;214;244m▀[38;2;205;214;244m[48;2;203;166;247m▀[38;2;205;214;244m[48;2;205;214;244m▀[38;2;205;214;244m[48;2;205;214;244m▀[38;2;205;214;244m[48;2;205;214;244m▀[38;2;205;214;244m[48;2;205;214;244m▀[38;2;203;166;247m[48;2;205;214;244m▀[38;2;205;214;244m[48;2;205;214;244m▀[38;2;203;166;247m[48;2;203;166;247m▀[38;2;203;166;247m[48;2;203;166;247m▀[38;2;203;166;247m[48;2;203;166;247m▀[38;2;203;166;247m[48;2;203;166;247m▀[38;2;203;166;247m[48;2;203;166;247m▀[38;2;137;180;250m[48;2;137;180;250m▀  [0m
   [38;2;137;180;250m[48;2;30;30;46m▀[38;2;203;166;247m[48;2;137;180;250m▀[38;2;203;166;247m[48;2;137;180;250m▀[38;2;203;166;247m[48;2;137;180;250m▀[38;2;203;166;247m[48;2;203;166;247m▀[38;2;203;166;247m[48;2;203;166;247m▀[38;2;203;166;247m[48;2;203;166;247m▀[38;2;203;166;247m[48;2;203;166;247m▀[38;2;203;166;247m[48;2;203;166;247m▀[38;2;203;166;247m[48;2;203;166;247m▀[38;2;203;166;247m[48;2;203;166;247m▀[38;2;203;166;247m[48;2;203;166;247m▀[38;2;203;166;247m[48;2;203;166;247m▀[38;2;205;214;244m[48;2;205;214;244m▀[38;2;137;180;250m[48;2;205;214;244m▀[38;2;137;180;250m[48;2;30;30;46m▄[38;2;137;180;250m[48;2;203;166;247m▀[38;2;203;166;247m[48;2;203;166;247m▀[38;2;203;166;247m[48;2;205;214;244m▀[38;2;205;214;244m[48;2;205;214;244m▀[38;2;205;214;244m[48;2;205;214;244m▀[38;2;205;214;244m[48;2;205;214;244m▀[38;2;205;214;244m[48;2;205;214;244m▀[38;2;205;214;244m[48;2;205;214;244m▀[38;2;203;166;247m[48;2;203;166;247m▀[38;2;203;166;247m[48;2;203;166;247m▀[38;2;203;166;247m[48;2;205;214;244m▀[38;2;205;214;244m[48;2;205;214;244m▀[38;2;205;214;244m[48;2;205;214;244m▀[38;2;205;214;244m[48;2;205;214;244m▀[38;2;205;214;244m[48;2;205;214;244m▀[38;2;205;214;244m[48;2;205;214;244m▀[38;2;205;214;244m[48;2;205;214;244m▀[38;2;203;166;247m[48;2;203;166;247m▀[38;2;203;166;247m[48;2;203;166;247m▀[38;2;203;166;247m[48;2;203;166;247m▀[38;2;203;166;247m[48;2;203;166;247m▀[38;2;203;166;247m[48;2;203;166;247m▀[38;2;203;166;247m[48;2;203;166;247m▀  [0m
          [38;2;137;180;250m[48;2;30;30;46m▀[38;2;137;180;250m[48;2;30;30;46m▀[38;2;137;180;250m[48;2;30;30;46m▀[38;2;203;166;247m[48;2;137;180;250m▀[38;2;203;166;247m[48;2;203;166;247m▀[38;2;203;166;247m[48;2;203;166;247m▀[38;2;203;166;247m[48;2;203;166;247m▀[38;2;205;214;244m[48;2;205;214;244m▀[38;2;203;166;247m[48;2;203;166;247m▀[38;2;203;166;247m[48;2;205;214;244m▀[38;2;205;214;244m[48;2;205;214;244m▀[38;2;205;214;244m[48;2;205;214;244m▀[38;2;205;214;244m[48;2;205;214;244m▀[38;2;205;214;244m[48;2;205;214;244m▀[38;2;205;214;244m[48;2;205;214;244m▀[38;2;205;214;244m[48;2;205;214;244m▀[38;2;203;166;247m[48;2;203;166;247m▀[38;2;203;166;247m[48;2;203;166;247m▀[38;2;205;214;244m[48;2;203;166;247m▀[38;2;203;166;247m[48;2;203;166;247m▀[38;2;205;214;244m[48;2;205;214;244m▀[38;2;205;214;244m[48;2;205;214;244m▀[38;2;205;214;244m[48;2;205;214;244m▀[38;2;205;214;244m[48;2;203;166;247m▀[38;2;205;214;244m[48;2;205;214;244m▀[38;2;205;214;244m[48;2;205;214;244m▀[38;2;203;166;247m[48;2;203;166;247m▀[38;2;203;166;247m[48;2;203;166;247m▀[38;2;203;166;247m[48;2;203;166;247m▀[38;2;203;166;247m[48;2;203;166;247m▀[38;2;203;166;247m[48;2;203;166;247m▀[38;2;203;166;247m[48;2;203;166;247m▀  [0m
              [38;2;205;214;244m[48;2;137;180;250m▀[38;2;205;214;244m[48;2;205;214;244m▀[38;2;203;166;247m[48;2;203;166;247m▀[38;2;203;166;247m[48;2;203;166;247m▀[38;2;205;214;244m[48;2;205;214;244m▀[38;2;205;214;244m[48;2;203;166;247m▀[38;2;205;214;244m[48;2;205;214;244m▀[38;2;205;214;244m[48;2;205;214;244m▀[38;2;205;214;244m[48;2;205;214;244m▀[38;2;205;214;244m[48;2;205;214;244m▀[38;2;205;214;244m[48;2;203;166;247m▀[38;2;203;166;247m[48;2;203;166;247m▀[38;2;203;166;247m[48;2;203;166;247m▀[38;2;203;166;247m[48;2;203;166;247m▀[38;2;203;166;247m[48;2;205;214;244m▀[38;2;205;214;244m[48;2;205;214;244m▀[38;2;205;214;244m[48;2;203;166;247m▀[38;2;205;214;244m[48;2;203;166;247m▀[38;2;203;166;247m[48;2;203;166;247m▀[38;2;203;166;247m[48;2;203;166;247m▀[38;2;205;214;244m[48;2;205;214;244m▀[38;2;205;214;244m[48;2;205;214;244m▀[38;2;203;166;247m[48;2;203;166;247m▀[38;2;203;166;247m[48;2;203;166;247m▀[38;2;203;166;247m[48;2;203;166;247m▀[38;2;203;166;247m[48;2;203;166;247m▀[38;2;203;166;247m[48;2;203;166;247m▀[38;2;203;166;247m[48;2;203;166;247m▀  [0m
               [38;2;205;214;244m[48;2;137;180;250m▀[38;2;205;214;244m[48;2;205;214;244m▀[38;2;203;166;247m[48;2;205;214;244m▀[38;2;203;166;247m[48;2;203;166;247m▀[38;2;205;214;244m[48;2;205;214;244m▀[38;2;205;214;244m[48;2;203;166;247m▀[38;2;205;214;244m[48;2;205;214;244m▀[38;2;205;214;244m[48;2;205;214;244m▀[38;2;203;166;247m[48;2;203;166;247m▀[38;2;203;166;247m[48;2;203;166;247m▀[38;2;203;166;247m[48;2;203;166;247m▀[38;2;203;166;247m[48;2;203;166;247m▀[38;2;205;214;244m[48;2;203;166;247m▀[38;2;205;214;244m[48;2;203;166;247m▀[38;2;203;166;247m[48;2;203;166;247m▀[38;2;203;166;247m[48;2;203;166;247m▀[38;2;203;166;247m[48;2;203;166;247m▀[38;2;203;166;247m[48;2;205;214;244m▀[38;2;205;214;244m[48;2;205;214;244m▀[38;2;203;166;247m[48;2;203;166;247m▀[38;2;203;166;247m[48;2;203;166;247m▀[38;2;203;166;247m[48;2;203;166;247m▀[38;2;203;166;247m[48;2;203;166;247m▀[38;2;203;166;247m[48;2;203;166;247m▀[38;2;203;166;247m[48;2;203;166;247m▀[38;2;203;166;247m[48;2;203;166;247m▀[38;2;137;180;250m[48;2;137;180;250m▀  [0m
               [38;2;137;180;250m[48;2;137;180;250m▀[38;2;205;214;244m[48;2;203;166;247m▀[38;2;205;214;244m[48;2;205;214;244m▀[38;2;203;166;247m[48;2;205;214;244m▀[38;2;203;166;247m[48;2;203;166;247m▀[38;2;205;214;244m[48;2;205;214;244m▀[38;2;203;166;247m[48;2;203;166;247m▀[38;2;203;166;247m[48;2;203;166;247m▀[38;2;203;166;247m[48;2;203;166;247m▀[38;2;203;166;247m[48;2;203;166;247m▀[38;2;203;166;247m[48;2;203;166;247m▀[38;2;203;166;247m[48;2;203;166;247m▀[38;2;203;166;247m[48;2;205;214;244m▀[38;2;203;166;247m[48;2;205;214;244m▀[38;2;203;166;247m[48;2;203;166;247m▀[38;2;203;166;247m[48;2;205;214;244m▀[38;2;205;214;244m[48;2;205;214;244m▀[38;2;203;166;247m[48;2;203;166;247m▀[38;2;203;166;247m[48;2;203;166;247m▀[38;2;203;166;247m[48;2;203;166;247m▀[38;2;203;166;247m[48;2;203;166;247m▀[38;2;203;166;247m[48;2;203;166;247m▀[38;2;203;166;247m[48;2;203;166;247m▀[38;2;203;166;247m[48;2;203;166;247m▀[38;2;203;166;247m[48;2;203;166;247m▀[38;2;203;166;247m[48;2;203;166;247m▀[38;2;137;180;250m[48;2;137;180;250m▀  [0m
               [38;2;137;180;250m[48;2;137;180;250m▀[38;2;203;166;247m[48;2;137;180;250m▀[38;2;205;214;244m[48;2;205;214;244m▀[38;2;205;214;244m[48;2;205;214;244m▀[38;2;203;166;247m[48;2;205;214;244m▀[38;2;203;166;247m[48;2;203;166;247m▀[38;2;205;214;244m[48;2;205;214;244m▀[38;2;203;166;247m[48;2;205;214;244m▀[38;2;203;166;247m[48;2;203;166;247m▀[38;2;203;166;247m[48;2;203;166;247m▀[38;2;203;166;247m[48;2;205;214;244m▀[38;2;205;214;244m[48;2;203;166;247m▀[38;2;205;214;244m[48;2;203;166;247m▀[38;2;205;214;244m[48;2;203;166;247m▀[38;2;203;166;247m[48;2;205;214;244m▀[38;2;203;166;247m[48;2;205;214;244m▀[38;2;203;166;247m[48;2;203;166;247m▀[38;2;205;214;244m[48;2;203;166;247m▀[38;2;203;166;247m[48;2;205;214;244m▀[38;2;203;166;247m[48;2;203;166;247m▀[38;2;203;166;247m[48;2;203;166;247m▀[38;2;203;166;247m[48;2;203;166;247m▀[38;2;203;166;247m[48;2;203;166;247m▀[38;2;203;166;247m[48;2;203;166;247m▀[38;2;203;166;247m[48;2;203;166;247m▀[38;2;203;166;247m[48;2;203;166;247m▀[38;2;137;180;250m[48;2;137;180;250m▀  [0m
               [38;2;137;180;250m[48;2;137;180;250m▀[38;2;137;180;250m[48;2;137;180;250m▀[38;2;203;166;247m[48;2;203;166;247m▀[38;2;205;214;244m[48;2;205;214;244m▀[38;2;205;214;244m[48;2;205;214;244m▀[38;2;205;214;244m[48;2;205;214;244m▀[38;2;203;166;247m[48;2;203;166;247m▀[38;2;205;214;244m[48;2;203;166;247m▀[38;2;205;214;244m[48;2;205;214;244m▀[38;2;137;180;250m[48;2;203;166;247m▀[38;2;137;180;250m[48;2;137;180;250m▀[38;2;137;180;250m[48;2;137;180;250m▀[38;2;137;180;250m[48;2;137;180;250m▀[38;2;137;180;250m[48;2;137;180;250m▀[38;2;203;166;247m[48;2;30;30;46m▀[38;2;203;166;247m[48;2;137;180;250m▀[38;2;205;214;244m[48;2;203;166;247m▀[38;2;203;166;247m[48;2;205;214;244m▀[38;2;203;166;247m[48;2;203;166;247m▀[38;2;203;166;247m[48;2;203;166;247m▀[38;2;203;166;247m[48;2;203;166;247m▀[38;2;203;166;247m[48;2;203;166;247m▀[38;2;203;166;247m[48;2;203;166;247m▀[38;2;203;166;247m[48;2;203;166;247m▀[38;2;203;166;247m[48;2;203;166;247m▀[38;2;203;166;247m[48;2;203;166;247m▀[38;2;137;180;250m[48;2;30;30;46m▀  [0m
